1111111100001110101011110001101000101100111101011100010001001111011111101111010101101011000011101101100101000011010010001001000101111000000101000011111100000100011010010111001100100000101100100011101111001010111001011111000111101110000000010001001101110001000110111111011100111000001101010001101110101111000001010110000001011010000101011101011010100010101010010001010010

0011111101110011001110010000001101111001100010011011010110001000101010100111000101001000001001010101000001011010010110011101001111101011011011000111111101110111001101011101111000011100001011100100000011001010011111101100010000110001110001000001110110011011101000011111001010110100011100011100110111100101110010110101010110010110010001101001000001011111111011111001000100

1101001000010010101000001011100001100011011010010010110101011001001110110110111101000101110011101011101001001010010100010110111100100110110001101101000100110100000010111000011110001011101110000011110110110010000011100111101100011110110100110100111100111010010100111000101111110111100111101100000100000011100101101000000001010110000101010101101100111000110011010011001010

0110101100000111001011100101111000000000100100101000001000010011110011001011010001001010000010011000000100100111101110000010100001011001110100111000101011101101010010011111010010111101001000110110101110010011001100001100010010101100100101001110010000011100010010110100000011011001011001111011101011110001000011111100101010100010001000110110011110011000101100001110011000

1000110001111110001110100000110011111111001110101101100110111011100110100101011001011100111011000000101101101001111111000011101011010010101110000000000011000000101010100011011111011101110110000110110101100010111101100101111010000010110011000001000101011010101000011110010101010000000101000010011101011001100010101100101011001100001010000111011011100000010110001001010001

1010010100000011010000010111011101101000000010100111010100010000001010101110100110000000111101001111100100000001111000000101001010011001010101011110000100100010101100010001101001000101001011001000010000010000110111111101101000000011101101111001000001010001011000100000001000111110100001010100000000100111100101101110101000011100011110101101111110101000101111111110100001

1001000110111101000101100110110011010101010101000110010010010100000100011110001010111110000101110011111101111101111001011011101000011110110100010111100100001001001100001010001011101100111110111000010110100000100100010000101100001100110100100111101100101000100110101111001000101110000100011000111111100001101101011011011111111100101011010100100000001100000101010101001100

1010110111001101110001110001011111001101110110001001101101001001111000110111110101101000001001110110011011000000010110110000000001001110010001011001010100100000000001000100000100110111011111111001101001001001100001110110010110110100000111010000010100000000001111111110110000011111100011100111011100011100100010010101100101111010000110101111000010111001110000111110110001

1101000001110010100011110001110000111001000001111110000011111010100011110110100011101100100111110111011001001111100100000001101001010000000000001110000001010100110100110110001111101011100111101001111101111001000110001000101000100101101110100111110000001000010001101011101100010110100110000011010100110011110111011010110001111110111001010110001101011010011110111011010010

1000111100001101110001111111110111011101111001010011010101000010010100101110010100011000010011101111010101000001111100000100100000101011011001100011101011001000001011011001011001111110011101110100000000000000101000101111110101110111011001011010110101011001000001101000100110100101110110011100010011111111100000000111001110011101010100000000001111101000100011101100110010

1110111001101100110010100000100001111101011111010111001111011001101001101100101010010101101011100101111111101001111000111010010111110111001000101011110000001011111000011000111001001001111000011101010100100011100110110110010100100001000001000111101101010101110000000001010111001110111110101100111101000000011001110111010111111011000011111001110111111001011010111011100000

0001110010011101001001010000111101110001110001000001000001010111010101100100101000001001001100100011101101111101000000110000001011010001100011011110111000101110100110000110100111011110110100010011101010110001110100001000111001100000001101010101110010110000011100010010001110011111110110100100011010010010000001011001001010110100010100011110100000000101111000001011011110

0011110111000111101111100010110000010000100000110100101000000111001101011000110011111010101100001110110001101000001000100111011100110001010011111100011011101011100111001000001101011001100001101111000100011111000000010100101110001101010011101111111000010111100111001111001010100001000100111110010010110011000100101111011000110000100110011000001110001111110110111011101110

0001100101001001010110001101010010111001100101100011001101001001001111100100001111000011010100011100010110101100110011101101010100001110010101101101000010011010101011001000110111100100111110111100110000110111010110110010111111001110000000000010000110011111000110100101001001101000011110110011000010010001111101111001010100111110011100011000100010110101111101110010000110

1010011110000001110010000010001110101010010110100110011001011111000000101001000000111001100001000010110010100111010001101110110011011110110101011100011001101101011111110000001100110010010000001111000101010011101101010100010011100101101010110011101111010111110110101010100101011110010001001111010101001110111111000001001011110111111000011001011111101111011111001000100000

1010100101001101111101101100100001010111110000011011110110001110001111001111100101110010101001111001001111111100101111000000000011000000111101110101100111001001000011000010110110110100000110010000010010110001000011100010110110010010111011101111011010001100100001000111100011001000000001011001101011010110111011011001100100000111010101100010001010001111001001011010111101

0011100010110000000011001110111111111110101110010111000010111101001010000110100101010001000110100001011001011100100000001011101011010010001110011011100101010101000100101000101101101000001111110111010000111011010100101001110111101010011001010100111101010011001111110001001110001001001100111101001100000000111010100001110010111111111110111001011101100101010010111001100001

1101000001110010100011110001110000111001000001111110000011111010100011110110100011101100100111110111011001001111100100000001101001010000000000001110000001010100110100110110001111101011100111101001111101111001000110001000101000100101101110100111110000001000010001101011101100010110100110000011010100110011110111011010110001111110111001010110001101011010011110111011010010

1001110101001001000001110010011001101100011111001011100110000010011000011111011000101101110100010010101101111110100001100000110110011111001010001000110011001100010001101001010001100110000111010010101111000011001111110011001110101001001101101101001100000110101110010010001001100101011100100010100101101110011001100001110100101100100001001111101001011100001001000001010010

1000110100100000110001011110100010101000100000000100000100011111101100011100101000101010001110001111010000111010000010010101101011011010010010110011010100100101110000101111011011110111001101000111001101011111010100110101110100110010100010010011010000110001101111111001011011100000111000100010100111010101100010010010100000000010011011101100110001011011101000011000100001

0110010001010001010100111010111100111100001110110110110100010101100001000001101000110100011000101111100110010011001011010001101001111010010000111110010111110110010101010000100000011010111101010111111000001111010101100010001111111100001011101000010010101000001101010011100010001011111110011001001011010010111100001000110101111110100010010111110001011101110100000110010011

